x
-1 1
1 4.268 4.420001
2 0.856057 1.179394
3 0.896993 1.623535
4 0.956767 1.593333
5 0.534625 0.670769
6 0.73158 0.8060000000000001
7 0.610462 0.727594
8 0.412616 0.442062
9 78.631081 90.096977
10 11.894737 63.666668
11 -3.593985 41.858585
12 2.357279 7.398989
13 1.551457 6.271718
14 -1.423939 -0.800291
15 0.687898 0.738815
16 7.649709 8.260771999999999
17 4.388093 4.468933
18 5.867677 6.69173
19 0.295572 0.343138
20 0.342513 0.378831
21 0.605388 0.771385
22 0.140801 0.177447
23 0.33898 0.921816
24 0.886923 1.038646
25 0.06797 0.13119
26 0.9466020000000001 1.276923
27 0.563107 0.909091
28 0.230769 0.371245
29 1.757282 2.227468
30 0.050505 0.24812
31 0.276923 0.443609
32 136.598526 155.163635
33 153.859222 168.881577
34 35.753845 45.390976
35 0.270752 0.365231
36 0.092857 0.121385
37 0.816462 1.043082
38 0.94675 1.037077
39 1.018981 1.200154
40 0.817385 1.056015
41 0.794142 0.98335
42 0.9251200000000001 1.067692
43 0.922 1.027269
44 0.901842 1.0445
45 0.997745 1.235231
46 0.995097 1.163378
47 0.8130770000000001 1.051503
48 0.818769 1.002
49 0.07723099999999999 0.091737
50 0.067937 0.09170100000000001
51 0.061338 0.096173
52 0.073908 0.08787200000000001
53 0.747539 1.046466
54 0.015922 0.535455
55 0.11966 0.59
56 0.007913 0.586923
57 0.00315 0.5053840000000001
58 0.01267 0.526769
59 0.725413 0.790462
60 0.9390230000000001 1.051385
61 1.007375 1.231385
62 0.862154 1.051428
63 4.490291 5.272727
64 5.314473 5.80007
65 66.67105100000001 80.196724
66 0.9488720000000001 1.17303
67 0.919098 1.123434
68 -0.169699 0.122929
69 0.434361 1.176869
70 1.318947 1.857669
71 -0.176767 0.289385
72 124.908707 135.981079
73 263.800964 281.070709
74 -16.777916 -6.126203
75 9.326992000000001 9.458989000000001
76 2.14375 2.209394
77 0.353308 0.921717
78 2.091796 2.714153
79 0.594223 0.757384
80 3.057573 3.806447
81 4.481596 4.889749
82 1.525776 1.630153
83 3.668252 4.285922
84 11.32233 13.131947
85 0.025231 0.040902
86 0.50505 0.932331
87 0.787879 1.406015
88 0.026316 0.12782
89 0.010101 0.104348
90 3.967777 4.345063
91 0.9320000000000001 1.019231
92 1.04 1.257142
93 1.163291 2.016666
94 1.030769 1.105263
95 0.958333 1.073418
96 0.496941 0.867733
97 0.94973 1.049693
98 1.044166 1.088308
99 0.850412 1.030575
100 0.9425 1.034
101 1.021553 1.125811
102 0.988884 1.134647
103 1.000826 1.123385
104 0.852308 1.043083
105 0.9178460000000001 1.132708
106 0.806868 1.002768
107 0.838461 1.014029
108 1.152233 1.648484
109 130.246567 149.049545
110 0.387576 0.662139
111 6.996974 8.503008
112 70.310677 89.26153600000001
113 -0.531515 -0.005113
114 1.334344 2.145865
115 -0.917105 -0.109022
116 39.921471 44.565952
117 43.664127 47.815697
118 206.284988 223.070862
119 0.93625 1.058308
120 1.017068 1.113379
121 0.773385 1.032631
122 0.8170770000000001 1.02568
123 0.711231 1.087444
124 0.976361 1.065694
125 0.767374 1.034887
126 0.749192 1.008943
127 38.865662 47.497021
128 36.661655 46.753845
129 26.353535 34.225563
130 1.278195 1.86
131 -0.16391 0.132308
132 1.21598 1.673636
133 2.075875 2.17101
134 0.054525 0.060923
135 74.38157699999999 83.30457300000001
136 3.261842 3.584388
137 428.605255 472.971802
138 0.940811 1.036769
139 0.99827 1.159385
140 0.93825 1.128308
141 0.98 1.302462
142 1.018606 1.049498
143 0.9682150000000001 0.994625
144 0.903949 0.9202900000000001
145 27.933491 38.091244
146 -0.029993 0.063291
147 4.025383 4.913535
148 4.286923 4.917367
149 0.222121 0.274211
150 60.863098 77.49897
151 -0.432331 1.306154
152 0.145414 0.615152
153 -1.025253 -0.19624
154 1.763009 2.098948
155 104.721336 115.606186
156 215.281616 225.401337
157 1.384951 1.538553
158 5.783494 6.316162
159 0.136578 0.188987
160 0.950375 1.051077
161 0.9797090000000001 1.103385
162 0.791539 1.01141
163 0.946125 1.041231
164 0.998058 1.107539
165 0.789385 1.005728
166 0.265077 0.34797
167 0.994854 1.232308
168 0.972864 1.393999
169 1.004271 1.178308
170 12.740755 13.740157
171 0.944375 1.069538
172 1.005264 1.087703
173 0.812069 1.143007
174 0.525353 1.040728
175 0.6043420000000001 0.975971
176 0.937848 1.074167
177 15.433024 18.947508
178 1.452913 5.114141
179 1.94563 5.435353
180 2.575122 5.315148
181 2.17573 4.518184
182 0.8926150000000001 0.940534
183 0.904308 0.975639
184 85.330826 92.65656300000001
185 2.527294 3.087272
186 0.962106 1.028308
187 1.001654 1.147692
188 0.897231 1.037594
189 5.421499 6.140923
190 2.577066 2.772327
191 5.568193 7.978783
192 0.05233 0.738384
193 5.444663 8.300303
194 0.009925 0.851717
195 5.547817 7.350617
196 0.03335 0.492152
197 5.59143 6.620203
198 0.038647 0.23505
199 5.668943 8.388308
200 5.430528 9.728888
201 0.976052 1.204811
202 5.248026 5.811416
203 4.930658 5.672357
204 5.494961 5.976488
205 5.485877 6.247273
206 5.780151 10.250618
207 5.2528 5.764614
208 5.417599 5.791919
209 5.799775 8.955075000000001
210 -0.02218 0.438615
211 0.140677 2.089385
212 0.628641 1.128284
213 -1.833566 -1.735933
214 -1.239354 -1.198586
215 -0.602123 -0.537179
216 -14.911884 -13.055922
217 -9.914574 -9.026512
218 1.550826 2.229538
219 0.919192 1.32267
220 -0.346053 0.413291
221 -4.369748 -1.25015
222 4.284616 5.298126
223 0.953833 1.029385
224 0.94725 1.035539
225 1.005097 1.110461
226 1.014854 1.173077
227 0.781077 1.041429
228 0.838923 1.047143
229 0.986466 1.017595
230 0.95275 1.069385
231 0.94175 1.029091
232 1.01892 1.116351
233 0.984661 1.100154
234 1.000242 1.115231
235 0.5913850000000001 1.111278
236 0.7756920000000001 0.974758
237 0.794308 0.975874
238 0.8252310000000001 1.090902
239 -2.165656 1.676699
240 -2.73391 -2.298283
241 12.375264 13.261847
242 7.711726 8.585998999999999
243 2.648196 2.826308
244 12.69027 13.228864
245 14.092486 14.933028
246 11.57594 12.384243
247 3.68937 4.874001
248 6.093608 6.627076
249 0.27804 0.302714
250 0.1082 0.122041
251 0.555924 0.5932500000000001
252 -3.467677 6.673683
253 0.950375 1.051077
254 0.9797090000000001 1.103385
255 0.793077 1.011822
256 0.8675000000000001 0.986154
257 1.483009 2.130769
258 -0.049211 -0.02133
259 -0.076316 -0.030602
260 -0.025375 0.042278
261 -0.042125 0.070606
262 -0.074125 0.08938500000000001
263 -0.14665 -0.019538
264 -0.174625 0.046923
265 -0.09475 0.065556
266 -0.102 0.08769200000000001
267 -0.15425 0.034
268 -0.07575 0.158154
269 -0.046068 0.107692
270 -0.069175 0.023418
271 -0.09107700000000001 0.02514
272 -0.044615 0.079625
273 -0.130909 -0.042818
274 -0.09947400000000001 -0.000125
275 -0.003233 0.134444
276 -0.042632 0.248
277 -0.145437 0.186461
278 -0.117379 0.169231
279 -0.013204 0.141846
280 -0.086407 -0.022524
281 -0.125231 0.006125
282 -0.116769 0.025
283 -0.096582 0.055625
284 0.021613 0.07328900000000001
285 -0.002105 0.12404
286 -0.063619 0.001519
287 -0.135385 -0.042816
288 -0.170308 0.041729
289 -0.262615 0.088447
290 -0.374923 0.08257299999999999
291 -0.316461 0.044854
292 -0.259385 0.0435
293 -0.215692 -0.00975
294 -0.077975 -0.00025
295 -0.049091 0.048826
296 0.018421 0.116447
297 0.887616 0.9444900000000001
298 0.903954 0.985429
299 1.124462 1.579437
300 1.140632 1.288958
301 1.03275 1.103738
302 0.856768 1.523985
303 1.14697 1.307764
304 1.107524 1.254154
305 0.999538 1.226838
306 0.959574 1.231375
307 1.004583 1.097077
308 0.555692 1.357875
309 1.04 1.244078
310 1.140242 1.28
311 1.114445 1.229737
312 18.266565 21.796844
313 19.753168 23.099958
314 -1.983985 0.6819190000000001
315 0.507427 0.999394
316 -2.937467 -2.211746
317 -1.993233 -0.228889
318 -4.492331 -2.911718
319 143.588181 167.497528
320 -0.748346 -0.430505
321 0.044286 0.537385
322 0.895385 1.074436
323 0.895385 1.074436
324 0.733846 1.169924
325 0.874684 1.042105
326 0.663637 0.957658
327 0.7242420000000001 0.972118
328 0.936842 1.40606
329 0.904166 1.059493
330 0.993634 1.08
331 0.906757 1.111111
332 0.9631070000000001 1.246465
333 0.932039 1.24
334 0.843243 0.978173
335 0.924138 1.036857
336 0.677778 1.019417
337 0.864474 0.9917470000000001
338 0.863636 1.17125
339 -1.02375 0.481539
340 -1.743038 -0.335922
341 -1.915 0.6830770000000001
342 -2.222221 -0.255385
343 -0.018797 1.978462
344 -0.196602 2.216922
345 -0.537975 0.968421
346 -2.184615 0.342105
347 -0.570769 0.6451130000000001
348 -2.747691 0.130075
349 -1.143077 -0.005004
350 -1.263077 -0.00303
351 -2.158462 0.407519
352 0.489321 1.3
353 120.381561 141.8909
354 0.723308 0.779846
355 0.183838 2.547369
356 -1.267474 -0.04218
357 0.53038 0.618421
358 1.136068 1.68697
359 0.22132 0.244415
360 0.005632 0.07604
361 -0.053233 0.016987
362 -0.07975400000000001 0.046039
363 0.901655 0.989385
364 17.748745 26.245457
365 -0.044175 0.508182
366 0.945135 1.057077
367 0.960413 1.140253
368 1.020932 1.136707
369 0.807899 1.03547
370 0.823446 1.09488
371 0.857477 1.052256
372 0.491758 1.085608
373 0.851855 1.212912
374 0.8009230000000001 1.001947
375 0.838585 1.030225
376 0.153845 0.186754
377 0.402045 0.493053
378 0.24218 0.3068
379 0.031409 0.053333
380 0.262136 0.538462
381 -7.352118 -0.8739090000000001
382 7.249548 7.916463
383 0.763552 0.832719
384 0.540922 0.636
385 -0.331818 -0.085564
386 0.081538 0.232125
387 -0.231729 -0.112069
388 6.233334 7.618045
389 -4.819548 -2.308686
390 -1.539798 0.201504
391 -0.760146 -0.145489
392 -0.542154 0.026651
393 9.064660999999999 11.44
394 7.27143 8.849499
395 16.805786 17.576056
396 17.226534 18.008587
397 -0.144405 -0.108227
398 1.257301 1.754849
399 14.618586 17.650772
400 3.832633 11.922332
401 5.804474 6.153987
402 9.62622 13.224239
403 0.941711 0.99525
404 0.9269230000000001 1.0135
405 0.92527 0.991
406 0.942 1.022
407 0.894769 1.012375
408 0.906566 0.980001
409 0.860633 0.9798789999999999
410 0.921 1.100154
411 0.931125 1.133538
412 0.87675 1.064308
413 0.926651 1.058461
414 0.895 1.06303
415 0.9145 1.162526
416 0.9173750000000001 1.186615
417 0.82225 1.026769
418 0.949083 1.036262
419 0.810461 1.010049
420 0.962568 1.025657
421 0.903026 0.9848749999999999
422 0.862079 0.949725
423 11.770832 12.239241
424 -0.305696 -0.054747
425 0.9702730000000001 0.996714
426 1.280277 1.308392
427 0.990051 1.001194
428 0.7912 0.796767
429 0.686738 0.8314550000000001
430 0.909308 1.006738
431 0.820462 0.937952
432 0.749277 0.911645
433 1.28 1.477039
434 4.150531 4.435131
435 -0.463692 -0.392719
436 0.745455 0.98421
437 0.372727 0.615316
438 0.329667 0.355466
439 0.334419 0.353868
440 5.039473 5.970769
441 5.152633 5.949233
442 4.859212 6.033846
443 5.025 6.364616
444 9.237868000000001 12.68485
445 0.973689 1.158734
446 -9.150376 30.200001
447 -9.766916999999999 32.876923
448 4.518797 41.923077
449 9.586466 45.723076
450 18.106983 50.692307
451 19 47.338463
452 28.808081 55.407894
453 0.857576 1.862406
454 -0.079846 0.154029
455 -0.000462 0.246681
456 5.408751 5.952523
457 5.490001 6.156924
458 5.606015 6.716925
459 5.365 5.967692
460 5.172369 5.748484
461 4.014606 5.267905
462 4.194211 5.391675
463 4.255152 5.948571
464 4.387369 5.43872
465 5.667896 7.850923
466 5.619846 7.574309
467 5.693999 6.591077
468 5.660976 8.159692
469 5.165201 6.453385
470 5.205658 6.222614
471 5.313949 5.966599
472 5.407874 6.34446
473 0.406769 0.9111280000000001
474 129.38446 148.433243
475 130.95401 149.841461
476 0.031412 0.053337
477 0.5173680000000001 1.255077
478 0.778884 1.620303
479 1.040001 2.503027
480 0.642181 1.487172
481 0.865097 2.196835
482 0.758586 0.918722
483 27.601942 52.040405
484 -0.519098 1.271692
485 0.131273 0.238226
486 0.116839 0.210105
487 0.156794 0.248691
488 0.00586 0.06854399999999999
489 -0.106768 0.008496
490 -0.113232 0.022556
491 0.985811 1.04103
492 0.9915040000000001 1.04046
493 0.978128 1.030925
494 0.971359 1.058232
495 0.989865 1.117485
496 0.976714 1.046334
497 0.982062 1.031717
498 0.956369 1.044657
499 0.97719 1.069
500 2.836311 3.56404
501 2.777622 3.567981
502 13.177672 15.733845
503 0.027808 0.106318
504 132.932434 151.512085
505 136.491821 153.91452
506 0.957118 1.045241
507 0.012857 0.437374
508 0.969098 1.328308
509 -0.382525 0.08887200000000001
510 -0.252154 -0.003932
511 -0.136154 0.157895
512 -0.097846 0.201805
513 -0.790902 -0.19495
514 0.081053 0.6998990000000001
515 0.525353 0.686778
516 -0.1 0.253846
517 49.705639 52.000004
518 -0.048233 0.505445
519 -0.103738 2.405384
520 -0.002961 0.525231
521 -0.716316 1.633737
522 -1.294887 3.34394
523 -0.288204 1.391538
524 -2.993539 0.559699
525 -0.925657 -0.268592
526 -0.149798 -0.043252
527 -0.158687 -0.039699
528 -0.159899 -0.046241
529 -0.135354 -0.036692
530 -0.829293 1.595489
531 -2.122615 -0.567218
